00000000000000000000000000000000000000000000000000000000000000000000000000000000000000000000000
00000000000000000000000000000000000000000000000000000000000000000000000000000000000000000000000
00000000000000000000000000000000000000000000000000000000000000000000000000000000000000000000000
00000000000000000000000000000000000000000000000000000000000000000000000000000000000000000000000
00000000000000000000000000000000000000000000000000000000000000000000000000000000000000000000000
00000000000000000000000000000000000000000000000000000000000000000000000000000000000000000000000
00000000000000000000000000000000000000000000000000000000000000000000000000000000000000000000000
00000000000000000000000000000000000000000000000000000000000000000000000000000000000000000000000
00000000000000000000000000000000000000000000000000000000000000000000000000000000000000000000000
00000000000000000000000000000000000000000000000000000000000000000000000000000000000000000000000
00000000000000000000000000000000000000000000000000000000000000000000000000000000000000000000000
00000000000000000000000000000000000000000000000000000000000000000000000000000000000000000000000
00000000000000000000000000000000000000000000000000000000000000000000000000000000000000000000000
00000000000000000000000000000000000000000000000000000000000000000000000000000000000000000000000
00000000000000000000000000000000000000000000000000000000000000000000000000000000000000000000000
00000000000000000000000000000000000000000000000000000000000000000000000000000000000000000001111
00000000000000000000000000000000000000000000000000000000000000000000000000000000000000011111111
00000000000000000000000000000000000000000000010000000000000000000000000000000000000111111110110
00000000000000000000000000000000000000000000010000000000000000000000000000000000011111100000011
00000000000000000000000000000000000000000000000000000000000000000000000000111111111100000000001
00000000000000000000000000000000000000000000000000000000000000000000011111111011110000000000001
00000000000000000000000000000000000000000000000000000000000001011111111111011111000000000000001
00000000000000001110000000000000101100000000000000001111111111111111000000000111000000000000001
00000000000000011111111111000000110001011111111011111111111111111111000000000111000000000000001
00000000000000011101111111111010111001111111111111111000000000111000000000000111100000000000000
00000000000000010100111001111011111111100000001111100000000000011000000000000011100000000000000
00000000000000001000110000001101111100000000000111000000000000011000000000000011000000000000000
00000000000000001100110000001111110000000000000110000000000000011100000000000011000000000000000
00000000000001001100000000001111111100000000000110000000000000011000000000000011000000000000000
00000000000001001100000000001110101000000000000011000000000000011000000000000111110000000000000
00000000000011011000000000000100011100000000000010000000000000011100000000000101110000000000000
00000000000010011000000000001101010000000000000011000000000000011100000000000011110000000000000
00000000000010010000000000000101110001100000000011000000000000011100000000000011111000000000000
00000000000111010000000000000111010000000000000111000000000000011100000000000001111111000000000
00000000000111110000000000000111110000000000000011100000000001011100000000000001111110000000000
00000000001101100000000000001111010000000000000011100000000000011110000000000001110000000000000
00000000001101100000000000001111010000000000000011100000000000111110110000000000000000000000000
01000000001101100000000011111111110000000000000011100000000000011111110000000000000000000000000
00100000011000000000000011111111111111000000000011111110000000011000000000000000000000000000000
00111111111000000000000000000000000111000000000111111000000000000000000000000000000000000000000
11100111110000000000000000000000000000000000000000000000000000000000000000000000000000000000000
10111111100000000000000000000000000000000000000000000000000000000000000000000000000000000000000
11111111000000000000000000000000000000000000000000000000000000000000000000000000000000000000000
11110010000000000000000000000000000000000000000000000000000000000000000000000000000000000000000
11110010000000000000000000000000000000000000000000000000000000000000000000000000000000000000000
11111111000000000000000000000000000000000000000000000000000000000000000000000000000000000000000
00000011111000000000000000000000000000000000000000000000000000000000000000000000000000000000000
00000000011000000000000000000000000000000000000000000000000000000000000000000000000000000000000
00000000011000000000000000000000000000000000000000000000000000000000000000000000000000000000000
00000000011000000000000000000000000000000000000000000000000000000000000000000000000000000000000
00000000111000000000000000000000000000000000000000000000000000000000000000000000000000000000000
00000000110000000000000000000000000000000000000000000000000110000000000000000000000000000000000
00000001110000000000000000000000000000000000000000000000001111000000000000000000000000000000000
00000001100000000000000000000000000000000000000000000000111011000000000000000000000000011100000
00000001100000000000000000000000000000000000000000000000110001100000000000000000000000111110000
00000001110000000000000000000000000000000000000000000000000001100000000000000000000001110011000
00000000111110000000000000000000000000000000000000000000000000110000000000000000000001100001000
00000000000111110000000000000000000000000000000000000000000000110000000000000000000001100001000
00000000000000111111000000000000000000000000000000000000000000011000000000000000000001111111000
00000000000000001111110000000000000000000000000000000000000000011000000000000000000000111110000
00000000000000000001111110000000000000000000000000000000000011100000000000000000000000000000000
00000000000000000000001111100000000000000000000000000000000011000000000000000000000000000000000
00000000000000000000000011111100000000000000000000000000000000000000000000000000000000000000000
00000000000000000000000000011111100000000000000000000000000000000000000000000000000000000000000
00000000000000000000000000000111111000000000000000000000000000000000000000000000000000000000000
00000000000000000000000000000000111111000000000000000000000000000000000000000000000000000000000
00000000000000000000000000000000001111111000000000000000000000000000000000000000000000000000000
00000000000000000000000000000000000001111100000000000000000000000000000000000000000000000000000
00000000000000000000000000000000000000001111100000000000000000000000000000000000000000000000000
00000000000000000000000000000000000000000011111100000000000000000000000000000000000000000000000
00000000000000000000000000000000000000000000111111000000000000000000000000000000000000000000000
00000000000000000000000000000000000000000000000111111000000000000000000000000000000000000000000
00000000000000000000000000000000000000000000000001111111000000000000000000000000000000000000000
00000000000000000000000000000000000000000000000000001111110000000000000000000000000000000000000
00000000000000000000000000000000000000000000000000000001111110000000000000000000000000000000000
00000000000000000000000000000000000000000000000000000000011111100000000000000000000000000000000
00000000000000000000000000000000000000000000000000000000000111111000000000000000000000000000000
00000000000000000000000000000000000000000000000000000000000000111111000000000000000000000000000
00000000000000000000000000000000000000000000000000000000000000000111111000000000000000000000000
00000000000000000000000000000000000000000000000000000000000000000001111110000000000000000000000
00000000000000000000000000000000000000000000000000000000000000000000001111110000000000000000000
00000000000000000000000000000000000000000000000000000000000000000000000011111110000000000000000
00000000000000000000000000000000000000000000000000000000000000000000000000111111100000000000000
00000000000000000000000000000000000000000000000000000000000000000000000000000111111000000000000
00000000000000000000000000000000000000000000000000000000000000000000000000000001111111000000000
00000000000000000000000000000000000000000000000000000000000000000000000000000000001111110000000
00000000000000000000000000000000000000000000000000000000000000000000000000000000000011111110000
00000000000000000000000000000000000000000000000000000000000000000000000000000000000000111111100
00000000000000000000000000000000000000000000000000000000000000000000000000000000000000001111111
00000000000000000000000000000000000000000000000000000000000000000000000000000000000000000001111
00000000000000000000000000000000000000000000000000000000000000000000000000000000000000000000011
00000000000000000000000000000000000000000000000000000000000000000000000000000000000000000000000
00000000000000000000000000000000000000000000000000000000000000000000000000000000000000000000000
00000000000000000000000000000000000000000000000000000000000000000000000000000000000000000000000
00000000000000000000000000000000000000000000000000000000000000000000000000000000000000000000000
11111111111111111111111111111111111111111111111111111111111111111111111111111111111111111111111
00000000000000000000000000000000000000000000000000000000000000000000000000000000000000000000000
00000000000000000000000000000000000000000000000000000000000000000000000000000000000000000000000
00000000000000000000000000000000000000000000000000000000000000000000000000000000000000000000000
00000000000000000000000000000000000000000000000000000000000000000000000000000000000000000000000
00000000000000000000000000000000000000000000000000000000000000000000000000000000000000000000000
00000000000000000000000000000000000000000000000000000000000000000000000111000000000000000000000
00000000000000000000000000000000000000000000000000000000000000000000001100000000000000000000000
00000000000000000000000000000000000000000000000000000000000000000000000000000000000000000000000
00000000000000000000000000000000000000000000000000000000000000000000000000000000000000000000000
00000000000000000000000000000000000000000000000000000000000000000000000000000000000000000000000
00000000000000000000000000000000000000000000000000000000000000000000000000000000000100000000000
00000000000000000000000000000000000000000000000000000000000000000000000100000000000000000000000
00000000000000000000000000000000000000000000000000000000000000000000000000000000000000000000000
00000000000000000000000000000000000000000000000000001110000000000000010000000000000000000000000
00000000000000000000000000000000000000000000000011111000000000000001110000000000000000000000000
00000000000000000000000000000000000000000000111110100011000000000000010000000000001000000000000
00000000000000000000000000000000000000000111111111000011000000000000100000000000001111100000000
10000000000000000000000000000000000001111111000011100001000000000000110000000000000000000000000
10000000000000000000000000000000011111110000000011111001100000000000000000000000000000000000000
00000000000000000000000000011111111111000000000001110000100000000000000000000000000000000000000
00000000000000000000001111111111111100000000000001111010110000000010000000000000000000000000000
00000000000001111111111111000000111000000000000001110010110000000000001011000000000000000000000
00001111111111111111111000000000111000000000000001100100011000000001111010000000000000000000000
11111111111100001111000000000000111000000000000000100100000000000110000110000000000000000000000
11111111000000000111000000000000011100000000000000111101000000000000000100000000000000000000000
00111100000000000010000000000000011000000000000000111011110111100000000000000000000000000000000
00111000000000000011100000000000011000000000000000011111111111100000000000000000000000000000000
00110000000000000011100000000000011000000000000000111111111101100000000000000000000000000000000
00011000000000000011000000000000011100000000000000111111011100100000000000000000000000000000000
00010000000000000011000000000000111110000000000000011000001110110000000000000000000000000000000
00011000000000000011100000000000011110000000000000000000000111110000000000000000000000000000000
00011000000000000011000000000000011111000000000000000000000001110000000000000000000000000000000
00011000000000000011100000000000011111001000000000000000000000111000000000000000000000000000000
00111100000000000011100000000000000111111000000000000000000000011110000000000000000000000111000
00011100000000001011110000000000001111100000000000000000000000001110000000000000000000001101100
00011100000000000011110000000000000000000000000000000000000000000111000000000000000000000000000
00011100000000000111111110000000000000000000000000000000000000000011100000000000000000110000001
00011110000000000011111100000000000000000000000000000000000000000001110000000000000000010000000
00111111110000000000000000000000000000000000000000000000000000000000111000000000000000010000000
00010000000000000000000000000000000000000000000000000000000000000000011100000000000000010000111
00000000000000000000000000000000000000000000000000000000000000000000001110000000000000000000101
00000000000000000000000000000000000000000000000000000000000000000000000110000000010000000000101
